0,4.0330,3.2900,10.3648,12.7215,8.5689,7.1172
4.0330,0,1.4887,9.4495,10.6208,8.6075,6.8371
3.2900,1.4887,0,8.3835,10.0112,7.2921,5.5472
10.3648,9.4495,8.3835,0,3.8482,2.5767,3.2953
12.7215,10.6208,10.0112,3.8482,0,6.3332,6.4204
8.5689,8.6075,7.2921,2.5767,6.3332,0,1.7772
7.1172,6.8371,5.5472,3.2953,6.4204,1.7772,0