filtros obtenidos de lena 1% de ruido


psnrMetodoPropuesto =

   45.8739   45.5064   42.1092   41.7982   46.0377   45.3109   45.8134   44.8629   43.7294   46.0675


psnrPromedio =

   44.7110


psnrDesvio =

    1.6125


ganancia =

    9.7051    9.3377    5.9404    5.6295    9.8689    9.1421    9.6446    8.6941    7.5606    9.8988


gananciaPromedio =

    8.5422
