filtros obtenidos de lena 1% de ruido


psnrMetodoPropuesto =

   39.1174   39.0383   38.0209   37.8986   39.1510   38.9940   39.1047   38.8866   38.5753   39.1570


psnrPromedioMetodoPropuesto =

   38.7944


psnrDesvioMEtodoPropuesto =

    0.4733


gananciaMetodoPropuesto =

    3.2447    3.1656    2.1482    2.0259    3.2783    3.1213    3.2320    3.0139    2.7026    3.2843


gananciaPromedioMetodoPropuesto =

    2.9217

psnrMetodoPropuesto =

   39.1174   39.0383   38.0209   37.8986   39.1510   38.9940   39.1047   38.8866   38.5753   39.1570


psnrPromedioMetodoPropuesto =

   38.7944


psnrDesvioMEtodoPropuesto =

    0.4733


gananciaMetodoPropuesto =

    3.2447    3.1656    2.1482    2.0259    3.2783    3.1213    3.2320    3.0139    2.7026    3.2843


gananciaPromedioMetodoPropuesto =

    2.9217


ssimMetodoPropuesto =

    0.9865    0.9844    0.9806    0.9769    0.9859    0.9850    0.9866    0.9831    0.9815    0.9862


ssimPromedioMetodoPropuesto =

    0.9837


ssimDesvioMEtodoPropuesto =

    0.0032
ssimMetodoPropuesto =

    0.9865    0.9844    0.9806    0.9769    0.9859    0.9850    0.9866    0.9831    0.9815    0.9862


ssimPromedioMetodoPropuesto =

    0.9837


ssimDesvioMEtodoPropuesto =

    0.0032
