filtros obtenidos de cameraman 1% de ruido

psnrMetodoPropuesto =

   41.3382   41.1283   41.5813   38.8900   37.6257   41.2375   41.2066   41.1063   40.0774   41.5292


psnrPromedio =

   40.5721


psnrDesvio =

    1.3215


ganancia =

   14.4368   14.2269   14.6799   11.9886   10.7243   14.3360   14.3052   14.2048   13.1760   14.6278


gananciaPromedio =

   13.6706

